============================================
vis/output.txt
22:44:19_Sunday_15_October_2017
============================================

Compiling with gcc -Wall -std=c99 ... 
Compilation succeeded.
setrlimit failed.
==24104== Memcheck, a memory error detector
==24104== Copyright (C) 2002-2012, and GNU GPL'd, by Julian Seward et al.
==24104== Using Valgrind-3.8.1 and LibVEX; rerun with -h for copyright info
==24104== Command: exec ../data/in_shock.csv ../data/in_linalsys.csv ../data/in_interp.csv 5 ../data/in_heateqn.csv
==24104== 
shockwave: 314.76 milliseconds
linalgbsys: 12.81 milliseconds
interp: 161.25 milliseconds
heateqn: 129.75 milliseconds
==24104== 
==24104== HEAP SUMMARY:
==24104==     in use at exit: 1,136 bytes in 2 blocks
==24104==   total heap usage: 1,850 allocs, 1,848 frees, 1,496,728 bytes allocated
==24104== 
==24104== LEAK SUMMARY:
==24104==    definitely lost: 0 bytes in 0 blocks
==24104==    indirectly lost: 0 bytes in 0 blocks
==24104==      possibly lost: 0 bytes in 0 blocks
==24104==    still reachable: 1,136 bytes in 2 blocks
==24104==         suppressed: 0 bytes in 0 blocks
==24104== Rerun with --leak-check=full to see details of leaked memory
==24104== 
==24104== For counts of detected and suppressed errors, rerun with: -v
==24104== ERROR SUMMARY: 0 errors from 0 contexts (suppressed: 6 from 6)
============================================
Test for input file: 
Files ../data/out_shock.csv and out_shock.csv differ
 
Oops, your shock solution seems to be INCORRECT.  :(
 
Files ../data/out_linalsys.csv and out_linalsys.csv differ
 
Oops, your algebraic systems seems to be INCORRECT.  :(
 
 
Oops, your interpolation seems to be INCORRECT.  :(
 
Files ../data/out_heateqn_explicit_fe.csv and out_heateqn_explicit_fe.csv differ
 
Oops, your heat eqn explicit fixed ends seems to be INCORRECT.  :(
 
Files ../data/out_heateqn_explicit_ve.csv and out_heateqn_explicit_ve.csv differ
 
Oops, your heat eqn explicit variable ends seems to be INCORRECT.  :(
 
============================================
vis/sebastianb1-output.txt
22:44:19_Sunday_15_October_2017
============================================
======================================================
                    SHOCK WAVE                        
======================================================
M,theta,beta_lower,beta_upper
2.0000,0,30.0000,90.0000
2.0000,1,30.8114,89.3997
2.0000,2,31.6463,88.7978
2.0000,3,32.5055,88.1926
2.0000,4,33.3902,87.5823
2.0000,5,34.3016,86.9651
2.0000,6,35.2409,86.3391
2.0000,7,36.2098,85.7021
2.0000,8,37.2101,85.0518
2.0000,9,38.2440,84.3855
2.0000,10,39.3139,83.7001
2.0000,11,40.4231,82.9920
2.0000,12,41.5752,82.2570
2.0000,13,42.7750,81.4899
2.0000,14,44.0286,80.6842
2.0000,15,45.3436,79.8317
2.0000,16,46.7306,78.9214
2.0000,17,48.2041,77.9385
2.0000,18,49.7851,76.8615
2.0000,19,51.5063,75.6573
2.0000,20,53.4229,74.2701
2.0000,21,55.6443,72.5905
2.0000,22,58.4566,70.3316
4.0000,0,14.4775,90.0000
4.0000,1,15.1313,89.7199
4.0000,2,15.8126,89.4395
4.0000,3,16.5215,89.1584
4.0000,4,17.2578,88.8762
4.0000,5,18.0213,88.5926
4.0000,6,18.8117,88.3071
4.0000,7,19.6287,88.0195
4.0000,8,20.4717,87.7292
4.0000,9,21.3404,87.4359
4.0000,10,22.2341,87.1391
4.0000,11,23.1525,86.8384
4.0000,12,24.0950,86.5332
4.0000,13,25.0611,86.2230
4.0000,14,26.0505,85.9072
4.0000,15,27.0629,85.5851
4.0000,16,28.0979,85.2561
4.0000,17,29.1555,84.9194
4.0000,18,30.2356,84.5742
4.0000,19,31.3383,84.2195
4.0000,20,32.4639,83.8542
4.0000,21,33.6128,83.4771
4.0000,22,34.7857,83.0870
4.0000,23,35.9835,82.6820
4.0000,24,37.2074,82.2606
4.0000,25,38.4589,81.8204
4.0000,26,39.7400,81.3590
4.0000,27,41.0533,80.8733
4.0000,28,42.4021,80.3594
4.0000,29,43.7905,79.8128
4.0000,30,45.2241,79.2275
4.0000,31,46.7101,78.5959
4.0000,32,48.2585,77.9075
4.0000,33,49.8833,77.1482
4.0000,34,51.6052,76.2967
4.0000,35,53.4569,75.3202
4.0000,36,55.4957,74.1611
4.0000,37,57.8390,72.7016
4.0000,38,60.8271,70.6012
6.0000,0,9.5941,90.0000
6.0000,1,10.2307,89.7657
6.0000,2,10.9063,89.5311
6.0000,3,11.6204,89.2960
6.0000,4,12.3719,89.0600
6.0000,5,13.1598,88.8231
6.0000,6,13.9824,88.5847
6.0000,7,14.8382,88.3448
6.0000,8,15.7254,88.1029
6.0000,9,16.6422,87.8588
6.0000,10,17.5869,87.6121
6.0000,11,18.5576,87.3626
6.0000,12,19.5529,87.1098
6.0000,13,20.5712,86.8533
6.0000,14,21.6112,86.5929
6.0000,15,22.6719,86.3279
6.0000,16,23.7521,86.0580
6.0000,17,24.8511,85.7827
6.0000,18,25.9683,85.5014
6.0000,19,27.1031,85.2134
6.0000,20,28.2551,84.9182
6.0000,21,29.4244,84.6149
6.0000,22,30.6108,84.3028
6.0000,23,31.8147,83.9809
6.0000,24,33.0363,83.6481
6.0000,25,34.2763,83.3033
6.0000,26,35.5356,82.9452
6.0000,27,36.8152,82.5720
6.0000,28,38.1167,82.1819
6.0000,29,39.4417,81.7728
6.0000,30,40.7925,81.3420
6.0000,31,42.1721,80.8864
6.0000,32,43.5839,80.4020
6.0000,33,45.0327,79.8840
6.0000,34,46.5244,79.3262
6.0000,35,48.0671,78.7202
6.0000,36,49.6715,78.0551
6.0000,37,51.3535,77.3149
6.0000,38,53.1363,76.4762
6.0000,39,55.0581,75.5006
6.0000,40,57.1883,74.3186
6.0000,41,59.6820,72.7749
6.0000,42,63.1049,70.3039
8.0000,0,7.1808,90.0000
8.0000,1,7.8159,89.7809
8.0000,2,8.5017,89.5616
8.0000,3,9.2370,89.3418
8.0000,4,10.0193,89.1213
8.0000,5,10.8460,88.8998
8.0000,6,11.7138,88.6771
8.0000,7,12.6192,88.4530
8.0000,8,13.5588,88.2272
8.0000,9,14.5296,87.9993
8.0000,10,15.5284,87.7691
8.0000,11,16.5526,87.5364
8.0000,12,17.5998,87.3008
8.0000,13,18.6679,87.0619
8.0000,14,19.7553,86.8194
8.0000,15,20.8605,86.5730
8.0000,16,21.9822,86.3222
8.0000,17,23.1195,86.0665
8.0000,18,24.2717,85.8056
8.0000,19,25.4382,85.5388
8.0000,20,26.6187,85.2656
8.0000,21,27.8130,84.9854
8.0000,22,29.0211,84.6975
8.0000,23,30.2432,84.4010
8.0000,24,31.4796,84.0952
8.0000,25,32.7307,83.7789
8.0000,26,33.9974,83.4512
8.0000,27,35.2805,83.1107
8.0000,28,36.5812,82.7559
8.0000,29,37.9010,82.3851
8.0000,30,39.2415,81.9963
8.0000,31,40.6050,81.5870
8.0000,32,41.9942,81.1543
8.0000,33,43.4125,80.6947
8.0000,34,44.8641,80.2037
8.0000,35,46.3546,79.6756
8.0000,36,47.8911,79.1031
8.0000,37,49.4834,78.4765
8.0000,38,51.1452,77.7818
8.0000,39,52.8963,76.9990
8.0000,40,54.7684,76.0966
8.0000,41,56.8161,75.0196
8.0000,42,59.1517,73.6558
8.0000,43,62.0971,71.6834
======================================================
                 LINEAR ALG SYSTEMS                   
======================================================
x
64.60467
-12.52093
-19.59877
-16.57139
6.99284
-9.23926
======================================================
                  INTERPOLATION                       
======================================================
lagrange
12.8571
cubic
17.2400
======================================================
           HEAT EQN EXPLICIT FIXED ENDS               
======================================================
x,f(x)
0.0000,0.0000
0.0100,-3195513380341692446338265357034097845955176766880004881039893103634045455742555399114046456153564292272168274393768143229799963590695391314638555705705862640913632007430186184164631002330339642376519354112392942286652418794520760784257024.0000
0.0200,6400024360312406545911505829349063837852863735660168523451134438605650174835456654350962855534132039624872566322272017546270354687606981609739972140161594953066552468248427789516645827890738504470680160368731538458481289580151823096872960.0000
0.0300,-9614184706671659763221127002865785878091313831687378731826332840276655726563748996206055204962713874071195460607332458801969631019090785302887957574981623192841333150262376157454966305902906478775950298969242680689906432008410501931335680.0000
0.0400,12823199097048112011780483669085724424329878739553425561574047603197864526187347745294544092519812444461326508101320260932250015443917574370639359994937102521011089838653493104362877701025614149480325219325613009289176665902210953271836672.0000
0.0500,-15992056452195991416788775160463645441304211446026387404110311182355193090444238123520052375597615267900922563206114057818522279523909524549445058487200868349039605309737034225693726825334948966313839065593255034577252409091722857628565504.0000
0.0600,19063883968129294589779964163882930127459737527154596012348026377784306633609021503649850311493637248052090654281478039702689321177192217306469796374934803138963306004900966474623835477481732536891665432544550274350993433858001173162754048.0000
0.0700,-21961805666709236382912217199073904434008699885664396387789948113936717669879094918621155024163272658819890184355777122142235667397612570651403818020690874339902000588609562972433740820600271794365453468793135741292985674446356721583521792.0000
0.0800,24594215138004407070414151127278510179105891348240862570095548796523994227796202462984107653794302362729385876093457681871295721263666413948182713760740079187277022807497697465459002612958231163153957282987239726271202220695645422014693376.0000
0.0900,-26862895922683246147673687586804412215640133456042410760402465828210837883593035250757492309576920662974269939406703491185835099910465088206381313025370574906607232602276457368195718133986633263014415234940658861946291450602209536381026304.0000
0.1000,28673009747138972262866078149493145979382561814892771225267931955648986850959944614263713459422161921896378723869349262926281748089945828057026022937679433040957818685013811359486206263746114057644198428499250981590943323683941751201988608.0000
0.1100,-29943687242956442539384704732082368058813604066158868101190288397673335840222092436890003606906002175494647613202941102309658771196248775398378939456411302311227118737091270267991561215918272852129786291640964757877035647210253505118863360.0000
0.1200,30617848028879680707341781552249471328754513405726508244636551894127533315170881572186619119923551302512835427527172660117884832893998485872570491256896054357378285789501861502441849623408137215000489938268775456992165493799574138339196928.0000
0.1300,-30669971089137620848849650207662462233498103923516467855316210894132410462660346944842235205146082197614930175428549646135981445755825129152521919721773064745619194382979491441219719158543059192767859264199817116474192321701320616994406400.0000
0.1400,30110822126546984469846946861002914738423172424309256814148911447214141047369793138297469645332767670335759246136181836497777759682214446716961047617510467876536833389191578463420887551599855218549663359389406475336832029980290522086899712.0000
0.1500,-28988576573586184542650183898429798090378107692025777317604026803425588056885696427591320301766838007382069748074187289802497734299054384922369937495116115422850720562314556180601067800213401294226379826184248090003307576329273001795125248.0000
0.1600,27386281321471657902632036539588342586353984212709693572139904395439637600060337020152151573396423518957429202679617414038985081949947759824689484953315750296067993868498449853880523614450271472152462667513193169490435170269591566634975232.0000
0.1700,-25416086685832374936512220563859049248414381196127510597826719659883443037208546968000179785658921516795481308440836763327871275069296345633190567512839982904534028988206331259819113176848168643305243946983201086931118588083633863239139328.0000
0.1800,23211068246116465936703205464227059429202069780786808293172564754991003953916327181291997368878787130011799449356205012239706946143311512254880579651883624177678166218276543587966375992942695556335147847518053584247795026963562391461167104.0000
0.1900,-20915683513146927317708658738591793960453791828825443931461501685996439594009135225915002871747089460689633486608313465383024489909833509611178158739446760440289122276426378502557117664593531771027512970191343599867971285648823178990977024.0000
0.2000,18675943739468560881931468346167645953453086592209109664737844653728664101445162137963029120727388969230698096947622656684877420555639895917823036206155357797356923314121000634892629011174291643288417298970772143278460194829303139226615808.0000
0.2100,-16630239895638501297904308419967950737334046286301762887916354109190682838827074250664232180767709453214529979333106624404036287399470748849179696701842345090237149641664082214050674596323260820856314371920561141329015627359251126592471040.0000
0.2200,14901493284140250918087713632749813679266441442253355829324726598212644265372549412293687085502231599860708192818906709261208821301507474584762448027619446025496008801089251407719657379117257253386252318152240433726216984579926592313098240.0000
0.2300,-13590978142232445350902673730550035027094731111911910570063690839512890834987771604678344443389989872461240252923737682689962803792523792631902900920001199930609366873852394865480024995924410957175892001242035282312768441675072283315535872.0000
0.2400,12773863927561212834074794045585683408553376992240558365168862181680731843311353637034307869495867360986095618999337297507471576375874456889414108241785295437277157040569322274111281813011678417821834711622949264255911886404019368293826560.0000
0.2500,-12496313494544780422395128299278954356856919489392756484658580979171204291888423396773696253353373840624412888067757968595774294832158662522437414870739133768892934456754947797789467996906265126168525437065907915231302395422353167539503104.0000
0.2600,12773886595710593907934489822565309821990645611126445194016986962538381225457250968639090928704084796396758288548228274003232055202651174345466697610595677248872550065459987999290316238431052613544033171644932054419109295491402300290760704.0000
0.2700,-13591036893203546746299786198206684935661357320147981871589685127694996628553353906912754887071093947805867941778253301978496563989336190972583577159497019288676831399165268627252305850072539414851958821046260233972521460406666236901982208.0000
0.2800,14901621384386565844674030080047369753246445032053491461356238679449381232209133491448253205449567140051204825596699068014615428757013981753276518292979748211243716858545620055052669190158699765715768234529349643867656324823612478279647232.0000
0.2900,-16630505665862100820789798599189420982856766477415340840496556173003261654512183622510277109770723669596336824906673076535352593165422579683491818556145076986950793398030689347504736437639023952078638422371456023443762655151766206777655296.0000
0.3000,18676479710644295834539766701813644962707797060560647389487511210938878087914079381667570252068081878755965070312439180708921216533359286230341129005750532530188268716033380727519465092282940165960726957155341908868136467985340012626444288.0000
0.3100,-20916738672089485798946875629537433483287096409678726051212931039022829102629444615898911751643064495579127694325954539369628830824082049602102421242441540613286187820640808535482089418302503749299267162358522350597197614176519067325693952.0000
0.3200,23213098124845338822998043384396593470019536709707259163912578508174744566336134158379481037070235869488950002898845194274193092650866293965960092437335562516751421023122281031641092537640974717265812516879109646134617627398801322045079552.0000
0.3300,-25419903902786285512886023387830777452990964144208845602995325654499711072092682571451759084237512527461587498278410224539780883875613270285480979866342963522709695121820054733094309903004527878942539771000254924190901691558824982104506368.0000
0.3400,27393299704621285089189684842576871821757345059552091168446576637434451377223008951689484577559889382480319193958057974524169084441018697250106280852747987054279054164358231461080350113283026979678187650653106019708966876156307956689797120.0000
0.3500,-29001195279690661618856833346774954089976877405799683816853637848802643371723987559235669977307212715963102007591199024604249186718754913288269772580822764145498306460092628997368464971979229007585267497032550893939383135076205030648315904.0000
0.3600,30133011666892632216042651330548869830707689542097557810945221071073515995031236079158196732562105542832065055591655225463081066780867092535770081878399863314257500822974418953925896685456687281642144294052349773377876442423435256496390144.0000
0.3700,-30708139299832835591389550570113350655209837032208402989181370584277726999904599927996502065598537590859402834101748924045061875991733370197369444634970219922293860927203871058150730980134692017485201605890080964188485794192381309844717568.0000
0.3800,30682077769837310075529490832731809905309593524872807839320635250244225658033495268032442237747368356257599244793844741206928194386260384078338702412688949845046436892253068137593859104701574380529579199042668813728634925637483446644244480.0000
0.3900,-30049444225668050281696035156034619128257297836188866358065100710556522675811322012137404438145573387729529488153860716376425451098344520699723693343304058450483126661301255317202650924041770319736310777306298455643489584822600610707668992.0000
0.4000,28843411868183492066752101853581895412485906788059049950742231036921722361028074838727428719961184812280812006121290764503315166185262879690133698401156945162231209680753648509068978336298789746197505200005680934426791669536882801900519424.0000
0.4100,-27131607010127830923956598753451075616051275919867691045815551459431579150918883915710580476194760960591951818195182338854345830671995557847394690560720708582149264287006899659365736738430163594623536625183641970906719911938796494008614912.0000
0.4200,25008968142482887084060096113822707649978213275353087604065839447612949420057553115944439833678241972341442297845534543898538900429432328037166649914844271567660093442729558218795279064669371112028160524341107384561295227532556816915365888.0000
0.4300,-22588466871977147828047016968962247492615380659920689458331435512221510722385792258257869926541883866430319436119470963340518616976574136094450719332660068950267377541112940405004738364035581758759577083804696235215841271190242278957383680.0000
0.4400,19990838996725747609208437222332948243626312080889913785360872704694790978166554541617450429271458668935116330434818173573386089610672952240264125151376515143513581161827788719174887341042110326958911176137486021219355690709662788613046272.0000
0.4500,-17334536316681866732150698260138152440189726756622772155520730762310419453550201435594793822255975672856584797376581625540632973294644364780941699405884620608890551085825070047825213035259789576239479139790638298090085677610202476006342656.0000
0.4600,14726985892047180807537922195527612118407244206896131045579028668859976753911308276153503334047654467022540215982453347381761662409119339646558625340015331198361412894039826340040223438802756652054177449874634725786652402449163712532054016.0000
0.4700,-12257968623431073470876550273493892135519755579470930753940795430375843179451994326603650834424680449310832369990411465238827616941620633241013953448857623327240653637436822953550780092031510081707843621984564776656057235764673666512584704.0000
0.4800,9995563641721035662863980053948249181903344961305687033660394391026586941214515451026035525634700826887652578529201837666094784342884209559649099584411881069679952872477598624577017043994239938646828625569522055641010261424490744087838720.0000
0.4900,-7984719780214241756142237051018384728105270914965781308285340738687963042531086505134357461663196442810079528277114475091196262097234673310814932974709800113948664333743771670986242867639903399189946939628663504344636899179459441367973888.0000
0.5000,6248175928817187324176123109633259640870117559018295262963167926913038551818923632442229834200486302653327389407604130198494289651315224511898384305726370850509128314653750631902226367109269814118878269750426051473948067524732181614166016.0000
0.5100,-4789206399870880023856923431788970276117031623737237988542736520172767129173590444246409179631543788839715289451216846249508800843025967002905769088601231626998215338522289817528752065879828791704848858490218938187767103378701373214294016.0000
0.5200,3595539281405409108460420106011944043369987296044656576046472899289432159095842812465042902902212112077087147078863675072034514283562933891863528121810419577744633464591911887017756427597637625343922544813595223671074577220787181266665472.0000
0.5300,-2643783916754877934579727819344686427956187837968597425137065649967382354977401799878123972658533755276673946694824180655575110071129874673604646491525815431915565709607279611538255370527842593364451602200489749425768030548323421646749696.0000
0.5400,1903786794993560296721693947058078737962631857869475239875354673355084981384835207175007330623513624137911780210881628840253618187748450598039057882722915903908345126206698176267668283574082491034304542989471977182135197742697599666749440.0000
0.5500,-1342479864479822798277172969272085766443419401611558502463214099753844106218876599051308754475010138980219785393599636348043075564180715881708190643096288707222001721610457934162745525288313486543647392230252819579762727030294803610861568.0000
0.5600,926955028590380802022346979522338166741195425266516785020751770104289896258576626792006825873735811531110364652013333513119434197766481595886942133198997809086985817513205895348776995496193552003915352525995902003951991013792969316630528.0000
0.5700,-626661205262427707053445144155547352278275614960168691082960120609502230235701820052267598462729983889666610270055824421509609755590247750233613871345710626540878876867203558381450209687195133692587543476541836512042968360792644544102400.0000
0.5800,414753004474322071045813025096129456570284258868363941335468157217332536061641103973812208550206196332731252875576766613181049726836121096596866373435672529690130703158165157849389691665582592897004464329416528694349625858458344371519488.0000
0.5900,-268711087442892220460843148739171933721220173343147831554140859340787418478997694582024164464112711518376913661174321858211527237885350911776594517006019386707765564503229632117364987432961848012265323339863041329568978733819436602490880.0000
0.6000,170402121047703936104746393480909492305107535174764644036989971963366539413216529011324119071636761347833823978126128338340043267138817212789890666838780012411721797213760000791840664632943742667683744588009043733807921362619024126509056.0000
0.6100,-105756982726238348644382617828965061347646030790403137599670376097826209378212125640634842648707565350791226595546490193974341659023741227774746800659964623471991678807044014709105900077502230685581524218508496314324131885913419169136640.0000
0.6200,64229741003323721408541812842173205051610008937157045844345465475685583481207834145118740719334033545776075564859269927439515458653743147968117683495699597633846522398765031621698377062619518946547599182721494017547040993326333251551232.0000
0.6300,-38168210830616147074210555342439064071531397445927569713100993431587688184637557679274921211488383221539510028244626279730511987665448698136363768550511056232408242551812970160338015172836811732661111849245205630074405655831458401484800.0000
0.6400,22189540742917296427836691664061980674094664937533613860801011268777133835900449029459393552060140116404997937282958905126367974722460463955238053736716078081135024395530988195221142132002281052739597342914976950592964110098902730932224.0000
0.6500,-12618707255343518471404319185351861039052830525649681969915238470648685884752851677964157903722389804296302382030996302215037205309921563480807622392811961304858264616008665876237984908001117600093323499460952627273606883782078865866752.0000
0.6600,7018386419382668364218133961380074901686616268339862577113987329930275480658924431328542837929202210515594890300846231602159349596233476924614475410858067285242150863147890600337315768525955982635269100288573499691033572106116758765568.0000
0.6700,-3817226028206314835531853236204164163070902886541688941990987425484227444171449929354934557671791205838967057625753629914388328111760552366155219826587440967061140589888400852519616815593310874959612007997515759599289200994933832417280.0000
0.6800,2029903285004441614705297835280561846853083080014552036083370442509115934241604660081067552788959188420316533554086301421924659394554636187081418274113056715627988599105394580569462356063390920878800152563854054764389413658357372289024.0000
0.6900,-1055223703918752416648120576875810593802626099228762222848064729444555736629017176262015492047430080232909016573391375939293567909828021851392619161255653671756515696369205104603318777660481169180196611949293533534892280487973375442944.0000
0.7000,536137621775026320592814933716406860472215890989933848062377707840004340542453139424864024183345648899741497941251408788834869761158710607127002281484949545026888708411765537819326471492430019709065172522110901231011442219496863956992.0000
0.7100,-266187206060533391152734592876335878084221908917873535830297483840247237401421011282259293003712635141783322365907419889971787352806344362428935653991830610061996328389206985411918930101386215039432362067305013530959974549677580222464.0000
0.7200,129118759892811888221039340408049868798171182872397415834055188417161264321331346544558745579005226022226027583594573820738090633321683172102542158854807419507428072674669657087806766398948878942227038199591985757462089966425630310400.0000
0.7300,-61177282532388824974066710765190543550422631089832516272614797245946840156092306402596540106462940895713744992989384902626514079690006391919847870557535670588286574361882466886642653072168887856909663719851889783119408317928910618624.0000
0.7400,28306883426412872922754446828713151767933287121138100276646015229723218211766938172432240749144099244180711032668396169729912270700653673985629529918839964771447616769120598239006417057177038237549550141792147252943933438371318202368.0000
0.7500,-12787686988144340714272217540453792889004526301410824436619597140484948349218900357988411905122448088350129003016473084055729161766892322594874964252334298518375957040892716194237585292084118351360749774597409114651378301103570419712.0000
0.7600,5638730357374577891482917890038040479044013910472672464867395650988267249098876464875128674082049089822992288539374990890495339018213638685392572158187985932339904447974795734185242997899825348022302312016823291527067914450652626944.0000
0.7700,-2426304252838972552076525936904568028741067165039216199573043672919577851791664049205786672659870077118829769898131089625778971124823612064731452172261220100008175980853382180335012041191690735205528130079983810687690231249467604992.0000
0.7800,1018503300283992250396769185609679141108068089699789770519294208694127315261736548952554157411224623401259054272088912934035237675982258238522782217399402608224614374403292215817059847115036662696809356159050108726251713330822512640.0000
0.7900,-416969638758047239547340815436696876189220618216066329295619102516570252243942502211037860334461936400412021100449920917271442816283914023083173400216252453078706706234641491511968873185221410019645143861652384873364230003513884672.0000
0.8000,166431346487969926653830061112163299276637818207184368186601109594850338809903486889549069657044686409532706831799682871940266455559331887276853945363522824020708737101856674995529227058761044122306292908816991374359292171662655488.0000
0.8100,-64745570203805693704951180088300191672024118898973934601058246344025304876630293670883129445506930938825190214848000853733841199342053842087123698889004471959289301205330056651336718949180801047841123618828941377654464125650075648.0000
0.8200,24540061269643812373108423263296847654091647516998110003989286635903979403771321402165918187339496715528336875022695349629470556785410705658436156277308253755454556224086130252957541703137528161204295230748811107711175176767930368.0000
0.8300,-9058749485945694580216246095590621873343674818656926541105885799375430060866616837385220520719084361193066978749873278364840651795044684739478740208005034800051692135092743776329033664327165388327051835305736352711008142690877440.0000
0.8400,3255465978202188014132991863490733252722940258340570543289168496131146897608902029722826811348388820816691923888362328499536735567205936099711306867740947021204587596881576816952886942313917970052339921462569912770987302504628224.0000
0.8500,-1138474512387819484885981071890969912250587219131192803166425159447382617372336709271763884792798600708698134679464661597835576275677400960203535014043878786695620266999992522759849347284191835783277741879798206805418306655223808.0000
0.8600,387255689099917998978730125326797834186573131358356936945828126548984118421096466191951484943665643819981541336156429153925380046778794079984805123551184589664767044268298675583731344309530683468921108751111997708701232535699456.0000
0.8700,-128061954896120146163367922209484532230661480600571214841776382376447705005115751869260459254965327516073182142744574765879303020226711636675197251135239029558291709074874692179262811582780247182579785522796557252483277983318016.0000
0.8800,41148685483928027301914073973472712416256007537380041211280313367683990016564232527695718577369604196303545399880438072834325686242241653651064393589777479749910686630956984370488097037666566582948617899758412662991376313483264.0000
0.8900,-12839572318808329877347698663313117651300085228857757750206327734237512555956140410868668936929395881155477647888763595564772192031778582933654860752384800747050652818285488723132663706803899156353957842184928867728512692256768.0000
0.9000,3887992003949295026374502038950560757937709191707845231303280673422390832015715999928049988760859885142769057627060305076553760581332469263101784806879201507279105415150765103320765267711895283187900385242804578772614377373696.0000
0.9100,-1141757535974112331202082178300364266899502822958709780643097175199947405469116462762544637122870173415053825063930235188910031799408274169320764460729373351914417739020617682223529429041562331980417047185810948740481720254464.0000
0.9200,324904948169685391531562826652595271168682625748045454687329349981377381477334133660664668777602575193747751969695146773208167781675269059295165591974465285863534126253027392874671059013378136815701944507164104148825791266816.0000
0.9300,-89514337494153314499348570034979588011132657495535808326004256661796920104044641389904089491020610343696494459613336493876051966782390009703597240267016592443683409094531216302327875544793817940532352876317130469730924101632.0000
0.9400,23853555818766439952780248735217049736980284896525025226221881819745545651018721057800588352832709668288196450098632815406813743979768243764403757995043132140273995383791721973496505504002365750030552594193923526272252641280.0000
0.9500,-6141101434339465310989105406736197580367531689875099123290958824341058883257723823736845857277585221023679188196737903213164322883603412585248924378083467066322915688113256924962405403329871912865454647851376017461032779776.0000
0.9600,1525457097612733561797733514371920060651555937085056716947532079721828403389427449705810335843024790966952713150191572312520333126284900053368230404498555110086008494007462051831324839700040881032328822862193342179069394944.0000
0.9700,-365015407432219286414296933371265215775339836316015319694986100943586273342621670828636637720081781029117089432599735349927199122434263053994187092529751856589402350641886901359641442244037389355105142013144833774795620352.0000
0.9800,83845681322952853669943605546739797463402173711449539721542258846111210311458437516846009554233907804410025175270677859563784309487485749819660537316785466737492977781963958009074962564338623408585486932323154926529150976.0000
0.9900,-17753652084605184514343770920862086289384676933443792955688731518919501360683534570931008681027215701197985207682323049953148902003230374218896292339678294236179885585717956797580967906185014699981256569311745362458836992.0000
1.0000,0.0000
======================================================
          HEAT EQN EXPLICIT VARIABLE ENDS             
======================================================
x,f(x)
0.0000,0.0000
0.0100,-3195513380341692446338265357034097845955176766880004881039893103634045455742555399114046456153564292272168274393768143229799963590695391314638555705705862640913632007430186184164631002330339642376519354112392942286652418794520760784257024.0000
0.0200,6400024360312406545911505829349063837852863735660168523451134438605650174835456654350962855534132039624872566322272017546270354687606981609739972140161594953066552468248427789516645827890738504470680160368731538458481289580151823096872960.0000
0.0300,-9614184706671659763221127002865785878091313831687378731826332840276655726563748996206055204962713874071195460607332458801969631019090785302887957574981623192841333150262376157454966305902906478775950298969242680689906432008410501931335680.0000
0.0400,12823199097048112011780483669085724424329878739553425561574047603197864526187347745294544092519812444461326508101320260932250015443917574370639359994937102521011089838653493104362877701025614149480325219325613009289176665902210953271836672.0000
0.0500,-15992056452195991416788775160463645441304211446026387404110311182355193090444238123520052375597615267900922563206114057818522279523909524549445058487200868349039605309737034225693726825334948966313839065593255034577252409091722857628565504.0000
0.0600,19063883968129294589779964163882930127459737527154596012348026377784306633609021503649850311493637248052090654281478039702689321177192217306469796374934803138963306004900966474623835477481732536891665432544550274350993433858001173162754048.0000
0.0700,-21961805666709236382912217199073904434008699885664396387789948113936717669879094918621155024163272658819890184355777122142235667397612570651403818020690874339902000588609562972433740820600271794365453468793135741292985674446356721583521792.0000
0.0800,24594215138004407070414151127278510179105891348240862570095548796523994227796202462984107653794302362729385876093457681871295721263666413948182713760740079187277022807497697465459002612958231163153957282987239726271202220695645422014693376.0000
0.0900,-26862895922683246147673687586804412215640133456042410760402465828210837883593035250757492309576920662974269939406703491185835099910465088206381313025370574906607232602276457368195718133986633263014415234940658861946291450602209536381026304.0000
0.1000,28673009747138972262866078149493145979382561814892771225267931955648986850959944614263713459422161921896378723869349262926281748089945828057026022937679433040957818685013811359486206263746114057644198428499250981590943323683941751201988608.0000
0.1100,-29943687242956442539384704732082368058813604066158868101190288397673335840222092436890003606906002175494647613202941102309658771196248775398378939456411302311227118737091270267991561215918272852129786291640964757877035647210253505118863360.0000
0.1200,30617848028879680707341781552249471328754513405726508244636551894127533315170881572186619119923551302512835427527172660117884832893998485872570491256896054357378285789501861502441849623408137215000489938268775456992165493799574138339196928.0000
0.1300,-30669971089137620848849650207662462233498103923516467855316210894132410462660346944842235205146082197614930175428549646135981445755825129152521919721773064745619194382979491441219719158543059192767859264199817116474192321701320616994406400.0000
0.1400,30110822126546984469846946861002914738423172424309256814148911447214141047369793138297469645332767670335759246136181836497777759682214446716961047617510467876536833389191578463420887551599855218549663359389406475336832029980290522086899712.0000
0.1500,-28988576573586184542650183898429798090378107692025777317604026803425588056885696427591320301766838007382069748074187289802497734299054384922369937495116115422850720562314556180601067800213401294226379826184248090003307576329273001795125248.0000
0.1600,27386281321471657902632036539588342586353984212709693572139904395439637600060337020152151573396423518957429202679617414038985081949947759824689484953315750296067993868498449853880523614450271472152462667513193169490435170269591566634975232.0000
0.1700,-25416086685832374936512220563859049248414381196127510597826719659883443037208546968000179785658921516795481308440836763327871275069296345633190567512839982904534028988206331259819113176848168643305243946983201086931118588083633863239139328.0000
0.1800,23211068246116465936703205464227059429202069780786808293172564754991003953916327181291997368878787130011799449356205012239706946143311512254880579651883624177678166218276543587966375992942695556335147847518053584247795026963562391461167104.0000
0.1900,-20915683513146927317708658738591793960453791828825443931461501685996439594009135225915002871747089460689633486608313465383024489909833509611178158739446760440289122276426378502557117664593531771027512970191343599867971285648823178990977024.0000
0.2000,18675943739468560881931468346167645953453086592209109664737844653728664101445162137963029120727388969230698096947622656684877420555639895917823036206155357797356923314121000634892629011174291643288417298970772143278460194829303139226615808.0000
0.2100,-16630239895638501297904308419967950737334046286301762887916354109190682838827074250664232180767709453214529979333106624404036287399470748849179696701842345090237149641664082214050674596323260820856314371920561141329015627359251126592471040.0000
0.2200,14901493284140250918087713632749813679266441442253355829324726598212644265372549412293687085502231599860708192818906709261208821301507474584762448027619446025496008801089251407719657379117257253386252318152240433726216984579926592313098240.0000
0.2300,-13590978142232445350902673730550035027094731111911910570063690839512890834987771604678344443389989872461240252923737682689962803792523792631902900920001199930609366873852394865480024995924410957175892001242035282312768441675072283315535872.0000
0.2400,12773863927561212834074794045585683408553376992240558365168862181680731843311353637034307869495867360986095618999337297507471576375874456889414108241785295437277157040569322274111281813011678417821834711622949264255911886404019368293826560.0000
0.2500,-12496313494544780422395128299278954356856919489392756484658580979171204291888423396773696253353373840624412888067757968595774294832158662522437414870739133768892934456754947797789467996906265126168525437065907915231302395422353167539503104.0000
0.2600,12773886595710593907934489822565309821990645611126445194016986962538381225457250968639090928704084796396758288548228274003232055202651174345466697610595677248872550065459987999290316238431052613544033171644932054419109295491402300290760704.0000
0.2700,-13591036893203546746299786198206684935661357320147981871589685127694996628553353906912754887071093947805867941778253301978496563989336190972583577159497019288676831399165268627252305850072539414851958821046260233972521460406666236901982208.0000
0.2800,14901621384386565844674030080047369753246445032053491461356238679449381232209133491448253205449567140051204825596699068014615428757013981753276518292979748211243716858545620055052669190158699765715768234529349643867656324823612478279647232.0000
0.2900,-16630505665862100820789798599189420982856766477415340840496556173003261654512183622510277109770723669596336824906673076535352593165422579683491818556145076986950793398030689347504736437639023952078638422371456023443762655151766206777655296.0000
0.3000,18676479710644295834539766701813644962707797060560647389487511210938878087914079381667570252068081878755965070312439180708921216533359286230341129005750532530188268716033380727519465092282940165960726957155341908868136467985340012626444288.0000
0.3100,-20916738672089485798946875629537433483287096409678726051212931039022829102629444615898911751643064495579127694325954539369628830824082049602102421242441540613286187820640808535482089418302503749299267162358522350597197614176519067325693952.0000
0.3200,23213098124845338822998043384396593470019536709707259163912578508174744566336134158379481037070235869488950002898845194274193092650866293965960092437335562516751421023122281031641092537640974717265812516879109646134617627398801322045079552.0000
0.3300,-25419903902786285512886023387830777452990964144208845602995325654499711072092682571451759084237512527461587498278410224539780883875613270285480979866342963522709695121820054733094309903004527878942539771000254924190901691558824982104506368.0000
0.3400,27393299704621285089189684842576871821757345059552091168446576637434451377223008951689484577559889382480319193958057974524169084441018697250106280852747987054279054164358231461080350113283026979678187650653106019708966876156307956689797120.0000
0.3500,-29001195279690661618856833346774954089976877405799683816853637848802643371723987559235669977307212715963102007591199024604249186718754913288269772580822764145498306460092628997368464971979229007585267497032550893939383135076205030648315904.0000
0.3600,30133011666892632216042651330548869830707689542097557810945221071073515995031236079158196732562105542832065055591655225463081066780867092535770081878399863314257500822974418953925896685456687281642144294052349773377876442423435256496390144.0000
0.3700,-30708139299832835591389550570113350655209837032208402989181370584277726999904599927996502065598537590859402834101748924045061875991733370197369444634970219922293860927203871058150730980134692017485201605890080964188485794192381309844717568.0000
0.3800,30682077769837310075529490832731809905309593524872807839320635250244225658033495268032442237747368356257599244793844741206928194386260384078338702412688949845046436892253068137593859104701574380529579199042668813728634925637483446644244480.0000
0.3900,-30049444225668050281696035156034619128257297836188866358065100710556522675811322012137404438145573387729529488153860716376425451098344520699723693343304058450483126661301255317202650924041770319736310777306298455643489584822600610707668992.0000
0.4000,28843411868183492066752101853581895412485906788059049950742231036921722361028074838727428719961184812280812006121290764503315166185262879690133698401156945162231209680753648509068978336298789746197505200005680934426791669536882801900519424.0000
0.4100,-27131607010127830923956598753451075616051275919867691045815551459431579150918883915710580476194760960591951818195182338854345830671995557847394690560720708582149264287006899659365736738430163594623536625183641970906719911938796494008614912.0000
0.4200,25008968142482887084060096113822707649978213275353087604065839447612949420057553115944439833678241972341442297845534543898538900429432328037166649914844271567660093442729558218795279064669371112028160524341107384561295227532556816915365888.0000
0.4300,-22588466871977147828047016968962247492615380659920689458331435512221510722385792258257869926541883866430319436119470963340518616976574136094450719332660068950267377541112940405004738364035581758759577083804696235215841271190242278957383680.0000
0.4400,19990838996725747609208437222332948243626312080889913785360872704694790978166554541617450429271458668935116330434818173573386089610672952240264125151376515143513581161827788719174887341042110326958911176137486021219355690709662788613046272.0000
0.4500,-17334536316681866732150698260138152440189726756622772155520730762310419453550201435594793822255975672856584797376581625540632973294644364780941699405884620608890551085825070047825213035259789576239479139790638298090085677610202476006342656.0000
0.4600,14726985892047180807537922195527612118407244206896131045579028668859976753911308276153503334047654467022540215982453347381761662409119339646558625340015331198361412894039826340040223438802756652054177449874634725786652402449163712532054016.0000
0.4700,-12257968623431073470876550273493892135519755579470930753940795430375843179451994326603650834424680449310832369990411465238827616941620633241013953448857623327240653637436822953550780092031510081707843621984564776656057235764673666512584704.0000
0.4800,9995563641721035662863980053948249181903344961305687033660394391026586941214515451026035525634700826887652578529201837666094784342884209559649099584411881069679952872477598624577017043994239938646828625569522055641010261424490744087838720.0000
0.4900,-7984719780214241756142237051018384728105270914965781308285340738687963042531086505134357461663196442810079528277114475091196262097234673310814932974709800113948664333743771670986242867639903399189946939628663504344636899179459441367973888.0000
0.5000,6248175928817187324176123109633259640870117559018295262963167926913038551818923632442229834200486302653327389407604130198494289651315224511898384305726370850509128314653750631902226367109269814118878269750426051473948067524732181614166016.0000
0.5100,-4789206399870880023856923431788970276117031623737237988542736520172767129173590444246409179631543788839715289451216846249508800843025967002905769088601231626998215338522289817528752065879828791704848858490218938187767103378701373214294016.0000
0.5200,3595539281405409108460420106011944043369987296044656576046472899289432159095842812465042902902212112077087147078863675072034514283562933891863528121810419577744633464591911887017756427597637625343922544813595223671074577220787181266665472.0000
0.5300,-2643783916754877934579727819344686427956187837968597425137065649967382354977401799878123972658533755276673946694824180655575110071129874673604646491525815431915565709607279611538255370527842593364451602200489749425768030548323421646749696.0000
0.5400,1903786794993560296721693947058078737962631857869475239875354673355084981384835207175007330623513624137911780210881628840253618187748450598039057882722915903908345126206698176267668283574082491034304542989471977182135197742697599666749440.0000
0.5500,-1342479864479822798277172969272085766443419401611558502463214099753844106218876599051308754475010138980219785393599636348043075564180715881708190643096288707222001721610457934162745525288313486543647392230252819579762727030294803610861568.0000
0.5600,926955028590380802022346979522338166741195425266516785020751770104289896258576626792006825873735811531110364652013333513119434197766481595886942133198997809086985817513205895348776995496193552003915352525995902003951991013792969316630528.0000
0.5700,-626661205262427707053445144155547352278275614960168691082960120609502230235701820052267598462729983889666610270055824421509609755590247750233613871345710626540878876867203558381450209687195133692587543476541836512042968360792644544102400.0000
0.5800,414753004474322071045813025096129456570284258868363941335468157217332536061641103973812208550206196332731252875576766613181049726836121096596866373435672529690130703158165157849389691665582592897004464329416528694349625858458344371519488.0000
0.5900,-268711087442892220460843148739171933721220173343147831554140859340787418478997694582024164464112711518376913661174321858211527237885350911776594517006019386707765564503229632117364987432961848012265323339863041329568978733819436602490880.0000
0.6000,170402121047703936104746393480909492305107535174764644036989971963366539413216529011324119071636761347833823978126128338340043267138817212789890666838780012411721797213760000791840664632943742667683744588009043733807921362619024126509056.0000
0.6100,-105756982726238348644382617828965061347646030790403137599670376097826209378212125640634842648707565350791226595546490193974341659023741227774746800659964623471991678807044014709105900077502230685581524218508496314324131885913419169136640.0000
0.6200,64229741003323721408541812842173205051610008937157045844345465475685583481207834145118740719334033545776075564859269927439515458653743147968117683495699597633846522398765031621698377062619518946547599182721494017547040993326333251551232.0000
0.6300,-38168210830616147074210555342439064071531397445927569713100993431587688184637557679274921211488383221539510028244626279730511987665448698136363768550511056232408242551812970160338015172836811732661111849245205630074405655831458401484800.0000
0.6400,22189540742917296427836691664061980674094664937533613860801011268777133835900449029459393552060140116404997937282958905126367974722460463955238053736716078081135024395530988195221142132002281052739597342914976950592964110098902730932224.0000
0.6500,-12618707255343518471404319185351861039052830525649681969915238470648685884752851677964157903722389804296302382030996302215037205309921563480807622392811961304858264616008665876237984908001117600093323499460952627273606883782078865866752.0000
0.6600,7018386419382668364218133961380074901686616268339862577113987329930275480658924431328542837929202210515594890300846231602159349596233476924614475410858067285242150863147890600337315768525955982635269100288573499691033572106116758765568.0000
0.6700,-3817226028206314835531853236204164163070902886541688941990987425484227444171449929354934557671791205838967057625753629914388328111760552366155219826587440967061140589888400852519616815593310874959612007997515759599289200994933832417280.0000
0.6800,2029903285004441614705297835280561846853083080014552036083370442509115934241604660081067552788959188420316533554086301421924659394554636187081418274113056715627988599105394580569462356063390920878800152563854054764389413658357372289024.0000
0.6900,-1055223703918752416648120576875810593802626099228762222848064729444555736629017176262015492047430080232909016573391375939293567909828021851392619161255653671756515696369205104603318777660481169180196611949293533534892280487973375442944.0000
0.7000,536137621775026320592814933716406860472215890989933848062377707840004340542453139424864024183345648899741497941251408788834869761158710607127002281484949545026888708411765537819326471492430019709065172522110901231011442219496863956992.0000
0.7100,-266187206060533391152734592876335878084221908917873535830297483840247237401421011282259293003712635141783322365907419889971787352806344362428935653991830610061996328389206985411918930101386215039432362067305013530959974549677580222464.0000
0.7200,129118759892811888221039340408049868798171182872397415834055188417161264321331346544558745579005226022226027583594573820738090633321683172102542158854807419507428072674669657087806766398948878942227038199591985757462089966425630310400.0000
0.7300,-61177282532388824974066710765190543550422631089832516272614797245946840156092306402596540106462940895713744992989384902626514079690006391919847870557535670588286574361882466886642653072168887856909663719851889783119408317928910618624.0000
0.7400,28306883426412872922754446828713151767933287121138100276646015229723218211766938172432240749144099244180711032668396169729912270700653673985629529918839964771447616769120598239006417057177038237549550141792147252943933438371318202368.0000
0.7500,-12787686988144340714272217540453792889004526301410824436619597140484948349218900357988411905122448088350129003016473084055729161766892322594874964252334298518375957040892716194237585292084118351360749774597409114651378301103570419712.0000
0.7600,5638730357374577891482917890038040479044013910472672464867395650988267249098876464875128674082049089822992288539374990890495339018213638685392572158187985932339904447974795734185242997899825348022302312016823291527067914450652626944.0000
0.7700,-2426304252838972552076525936904568028741067165039216199573043672919577851791664049205786672659870077118829769898131089625778971124823612064731452172261220100008175980853382180335012041191690735205528130079983810687690231249467604992.0000
0.7800,1018503300283992250396769185609679141108068089699789770519294208694127315261736548952554157411224623401259054272088912934035237675982258238522782217399402608224614374403292215817059847115036662696809356159050108726251713330822512640.0000
0.7900,-416969638758047239547340815436696876189220618216066329295619102516570252243942502211037860334461936400412021100449920917271442816283914023083173400216252453078706706234641491511968873185221410019645143861652384873364230003513884672.0000
0.8000,166431346487969926653830061112163299276637818207184368186601109594850338809903486889549069657044686409532706831799682871940266455559331887276853945363522824020708737101856674995529227058761044122306292908816991374359292171662655488.0000
0.8100,-64745570203805693704951180088300191672024118898973934601058246344025304876630293670883129445506930938825190214848000853733841199342053842087123698889004471959289301205330056651336718949180801047841123618828941377654464125650075648.0000
0.8200,24540061269643812373108423263296847654091647516998110003989286635903979403771321402165918187339496715528336875022695349629470556785410705658436156277308253755454556224086130252957541703137528161204295230748811107711175176767930368.0000
0.8300,-9058749485945694580216246095590621873343674818656926541105885799375430060866616837385220520719084361193066978749873278364840651795044684739478740208005034800051692135092743776329033664327165388327051835305736352711008142690877440.0000
0.8400,3255465978202188014132991863490733252722940258340570543289168496131146897608902029722826811348388820816691923888362328499536735567205936099711306867740947021204587596881576816952886942313917970052339921462569912770987302504628224.0000
0.8500,-1138474512387819484885981071890969912250587219131192803166425159447382617372336709271763884792798600708698134679464661597835576275677400960203535014043878786695620266999992522759849347284191835783277741879798206805418306655223808.0000
0.8600,387255689099917998978730125326797834186573131358356936945828126548984118421096466191951484943665643819981541336156429153925380046778794079984805123551184589664767044268298675583731344309530683468921108751111997708701232535699456.0000
0.8700,-128061954896120146163367922209484532230661480600571214841776382376447705005115751869260459254965327516073182142744574765879303020226711636675197251135239029558291709074874692179262811582780247182579785522796557252483277983318016.0000
0.8800,41148685483928027301914073973472712416256007537380041211280313367683990016564232527695718577369604196303545399880438072834325686242241653651064393589777479749910686630956984370488097037666566582948617899758412662991376313483264.0000
0.8900,-12839572318808329877347698663313117651300085228857757750206327734237512555956140410868668936929395881155477647888763595564772192031778582933654860752384800747050652818285488723132663706803899156353957842184928867728512692256768.0000
0.9000,3887992003949295026374502038950560757937709191707845231303280673422390832015715999928049988760859885142769057627060305076553760581332469263101784806879201507279105415150765103320765267711895283187900385242804578772614377373696.0000
0.9100,-1141757535974112331202082178300364266899502822958709780643097175199947405469116462762544637122870173415053825063930235188910031799408274169320764460729373351914417739020617682223529429041562331980417047185810948740481720254464.0000
0.9200,324904948169685391531562826652595271168682625748045454687329349981377381477334133660664668777602575193747751969695146773208167781675269059295165591974465285863534126253027392874671059013378136815701944507164104148825791266816.0000
0.9300,-89514337494153314499348570034979588011132657495535808326004256661796920104044641389904089491020610343696494459613336493876051966782390009703597240267016592443683409094531216302327875544793817940532352876317130469730924101632.0000
0.9400,23853555818766439952780248735217049736980284896525025226221881819745545651018721057800588352832709668288196450098632815406813743979768243764403757995043132140273995383791721973496505504002365750030552594193923526272252641280.0000
0.9500,-6141101434339465310989105406736197580367531689875099123290958824341058883257723823736845857277585221023679188196737903213164322883603412585248924378083467066322915688113256924962405403329871912865454647851376017461032779776.0000
0.9600,1525457097612733561797733514371920060651555937085056716947532079721828403389427449705810335843024790966952713150191572312520333126284900053368230404498555110086008494007462051831324839700040881032328822862193342179069394944.0000
0.9700,-365015407432219286414296933371265215775339836316015319694986100943586273342621670828636637720081781029117089432599735349927199122434263053994187092529751856589402350641886901359641442244037389355105142013144833774795620352.0000
0.9800,83845681322952853669943605546739797463402173711449539721542258846111210311458437516846009554233907804410025175270677859563784309487485749819660537316785466737492977781963958009074962564338623408585486932323154926529150976.0000
0.9900,-17753652084605184514343770920862086289384676933443792955688731518919501360683534570931008681027215701197985207682323049953148902003230374218896292339678294236179885585717956797580967906185014699981256569311745362458836992.0000
1.0000,0.0000
======================================================
          HEAT EQN IMPLICIT FIXED ENDS             
======================================================
======================================================
============================================
src/main.c
22:44:18_Sunday_15_October_2017
============================================
/***************************************************************************
 *
 *   File        : main.c
 *   Student Id  : 757931
 *   Name        : Sebastian Baker
 *
 ***************************************************************************/

#include <stdio.h>
#include <stdlib.h>
#include <math.h>
#include <sys/time.h>
#include <string.h>
#include "tasks.h"

#define NUM_ARGS 6
#define INPUT_INSTRUCTIONS "Usage example: ./exec in_shock.csv in_linalsys.csv in_interp.csv 5 in_heateqn.csv"
#define ARGV_shockwave 1
#define ARGV_linalgbsys 2
#define ARGV_interp 3
#define ARGV_xo 4
#define ARGV_heateqn 5
#define MS_PER_SEC 1000.0

typedef struct timeval myTime_t;
myTime_t timer_start();
double timer_stop(myTime_t start);

int main(int argc, char *argv[]) {
	
	// Parse command line arguments
	char* shockwave_file_name = NULL;
	char* linalgbsys_file_name = NULL;
	char* interp_file_name = NULL;
	double xo = 0;
	char* heateqn_file_name = NULL;

	if(argc != NUM_ARGS) {
		printf(INPUT_INSTRUCTIONS);
		exit(EXIT_FAILURE);
	}

	shockwave_file_name = argv[ARGV_shockwave];
	linalgbsys_file_name = argv[ARGV_linalgbsys];
	interp_file_name = argv[ARGV_interp];
	xo = atof(argv[ARGV_xo]);
	heateqn_file_name = argv[ARGV_heateqn];
	//printf("shockwave %s, linalgbsys %s, interp %s, xo %f, heateqn %s\n", shockwave_file_name, linalgbsys_file_name, interp_file_name, xo, heateqn_file_name);

	/* Question 2 */
	myTime_t shockwave_time = timer_start();
	shockwave(shockwave_file_name);
	printf("shockwave: %.2lf milliseconds\n", timer_stop(shockwave_time));
	
	/* Question 4 */
	myTime_t linalgbsys_time = timer_start();
	linalgbsys(linalgbsys_file_name);
	printf("linalgbsys: %.2lf milliseconds\n", timer_stop(linalgbsys_time));
	
	/* Question 5 */
	myTime_t interp_time = timer_start();
	interp(interp_file_name, xo);
	printf("interp: %.2lf milliseconds\n", timer_stop(interp_time));
	
	/* Question 6 */
	myTime_t heateqn_time = timer_start();
	heateqn(heateqn_file_name);
	printf("heateqn: %.2lf milliseconds\n", timer_stop(heateqn_time));
    
	return EXIT_SUCCESS;
}

myTime_t timer_start() {
	myTime_t start;
	gettimeofday(&start, NULL);
	return start;
}

double timer_stop(myTime_t start) {
	myTime_t stop;
	gettimeofday(&stop, NULL);
	double elapsed_ms = (stop.tv_sec - start.tv_sec) * MS_PER_SEC;
	elapsed_ms += (stop.tv_usec - start.tv_usec) / MS_PER_SEC;
	return elapsed_ms;
}
============================================
src/tasks.c
22:44:18_Sunday_15_October_2017
============================================
/***************************************************************************
 *
 *   File        : tasks.c
 *   Student Id  : 757931
 *   Name        : Sebastian Baker
 *
 ***************************************************************************/

#include "tasks.h"

/* * * * * * * * * * * * * * * * * * * * * * * * * * * * * * * TASK FUNCTIONS */

void shockwave(const char* filename) {

	input_2_t *parsed = parseInput_2(filename);
	shockwave_2a(parsed);
	shockwave_2b(parsed);
	shockwave_2c(parsed);
	freeInput_2(parsed);
}

void linalgbsys(const char* filename) {

	tridiag_t *m = parseInput_3(filename);
	assert(solveTridiag(m) == SOLVER_SUCCESS);
	printTridiag_3(m);
	freeTridiag(m);
}

void interp(const char* filename, const double xo) {
	
	interp_set_t* set = parseInput_5(filename);
	lagrange_eqn_t* lagEqn = newLagrangeEqn(set);
	cub_spline_t* spline = newCubSpline(set);

	// generates data for plot
	plotInterp_5(lagEqn, spline);

	// calculate the interpolated values at xo
	interp_pt_t* lagEval = evaluateLagrangeEqn(lagEqn, xo);
	interp_pt_t* splineEval = evaluateCubSpline(spline, xo);
	printInterp_5(lagEval->fx, splineEval->fx);
	freeInterpPt(lagEval);
	freeInterpPt(splineEval);

	freeCubSpline(spline);
	freeLagrangeEqn(lagEqn);
	freeInterpSet(set);
}

void heateqn(const char* filename) {

	heat_sim_t* exFe = parseInput_6(filename);
	eulerExFe(exFe);
	printSim_6(exFe, FILENAME_EX_FE_6);
	freeHeatSim(exFe);

	heat_sim_t* exVe = parseInput_6(filename);
	eulerExFe(exVe);
	printSim_6(exVe, FILENAME_EX_VE_6);
	freeHeatSim(exVe);
}

/* * * * * * * * * * * * * * * * * * * * * * * * * *  HEATEQN HELPER FUNCTIONS */

heat_sim_t* parseInput_6(const char* filename) {

	assert(filename!=NULL);

	// open file
	FILE* fp = fopen(filename, FILE_READONLY);
	assert(fp != NULL);

	double mu;
	int Nx, Nt;

	fscanf(fp, IN_HEADER_6);
	assert(fscanf(fp,"%lf,%d,%d\n", &mu, &Nx, &Nt) == NUM_PARAMS_6);
	fclose(fp);
	
	return newUnsolvedHeatSim(
		Nx, Nt, X_LO_6, X_HI_6, T_LO_6, T_HI_6, mu, myInitialCondition_6 );
}

double myInitialCondition_6(double x) {

	if(x>=IC_LO_6 && x<=IC_HI_6) {
		return IC_6(x);
	}
	return 0.0;
}

void printSim_6(heat_sim_t* sim, const char* filename) {
	
	assert(sim!=NULL);
	assert(filename!=NULL);

	sim_cell_t** m = sim->cells; // cell matrix

	FILE* fp = fopen(filename, FILE_OVERWRITE);
	assert(fp!=NULL);

	fprintf(fp, OUT_HEADER_6);

	int i=0;
	int j=100;
	for(i=0; i<=sim->Nx; i++) {
		fprintf(fp, "%.4f,%.4f\n", m[i][j].x, m[i][j].f);
    }
}


/* * * * * * * * * * * * * * * * * * * * * * * * * *  INTERP HELPER FUNCTIONS */

interp_set_t* parseInput_5(const char* filename) {

	assert(filename!=NULL);

	interp_set_t* newSet = newInterpSet(); 

	// open file
	FILE* fp = fopen(filename, FILE_READONLY);
	assert(fp != NULL);

	double tmp_x, tmp_fx;
	fscanf(fp, IN_HEADER_5);
	int read = 0;
	int i=0;
	while(1) {
		read = fscanf(fp,"%lf,%lf\n", &tmp_x, &tmp_fx);
		if(read != NUM_PARAMS_5) { break; }
		appendPtToSet(newSet, newInterpPt(tmp_x, tmp_fx) );
		i++;
	}

	fclose(fp);

	return newSet;
}

void printInterp_5(double lag, double spline) {

	// open file
	FILE* fp = fopen(FILENAME_5, FILE_OVERWRITE);
	assert(fp != NULL);

	fprintf(fp, HEADER_LAGRANGE_5);
	fprintf(fp, "%.4f\n", lag);
	fprintf(fp, HEADER_CUBIC_5);
	fprintf(fp, "%.4f\n", spline);

	fclose(fp);
}

void plotInterp_5(lagrange_eqn_t* lagEqn, cub_spline_t* spline) {

	// open file
	FILE* fp = fopen(PLOT_FILENAME_5, FILE_OVERWRITE);
	assert(fp != NULL);

	fprintf(fp, PLOT_HEADER_LAGRANGE_5);

	double x = PLOT_START_5;
	interp_pt_t* tmp_pt;
	while(x < PLOT_END_5) {

		fprintf(fp, "%.4f,", x);
		tmp_pt = evaluateLagrangeEqn(lagEqn, x);
		fprintf(fp, "%.4f,", tmp_pt->fx);
		freeInterpPt(tmp_pt);
		tmp_pt = evaluateCubSpline(spline, x);
		fprintf(fp, "%f.4\n", tmp_pt->fx);
		freeInterpPt(tmp_pt);
		x = x + PLOT_INTERVAL_5;
	}

	fclose(fp);
}


/* * * * * * * * * * * * * * * * * * * * * * * * LINALGBYSYS HELPER FUNCTIONS */

tridiag_t *parseInput_3(const char* filename) {
	
	assert(filename!=NULL);

	tridiag_t *m = newTridiag();

	// open file
	FILE* fp = fopen(filename, FILE_READONLY);
	assert(fp != NULL);

	double tmp_a, tmp_b, tmp_c, tmp_q;
	fscanf(fp, IN_HEADER_3);
	int read = 0;
	while(1) {
		read = fscanf(fp,"%lf,%lf,%lf,%lf\n", &tmp_a, &tmp_b, &tmp_c, &tmp_q);
		if(read != NUM_PARAMS_3) { break; }
		appendTridiagRow(m,tmp_a, tmp_b, tmp_c, tmp_q);
	}

	fclose(fp);
	return m;
}

void printTridiag_3(tridiag_t *m) {

	assert(m!=NULL);

	FILE* fp = fopen(FILENAME_3, FILE_OVERWRITE);
	assert(fp != NULL);

	fprintf(fp, FILE_HEADER_3);
	int i=1;
	for(i=1; i <= m->N; i++) {
		tridiag_row_t *r = getTridiagRow(m, i);
		fprintf(fp,"%.5f\n",r->x);
	}

	fclose(fp);
}


/* * * * * * * * * * * * * * * * * * * * * * * * * SHOCKWAVE HELPER FUNCTIONS */

input_2_t *parseInput_2(const char* filename) {
	
	assert(filename!=NULL);
	
	// allocate memory
	input_2_t *parsed = (input_2_t*)malloc(sizeof(input_2_t));
	assert(parsed != NULL);
	parsed->M_c = (double*)calloc(M_LEN_2C, sizeof(double));
	assert(parsed->M_c != NULL);

	// open file
	FILE* fp = fopen(filename, FILE_READONLY);
	assert(fp != NULL);

	// parse file
	parseInput2ndLine_2(fp, parsed);
	parseInputMvals_2(fp, parsed);

	fclose(fp);
	return parsed;
}

void parseInput2ndLine_2(FILE* fp, input_2_t* parsed) {
	
	assert(parsed!=NULL && fp!= NULL);

	fscanf(fp, IN_1ST_HEADER_2);

	assert(NUM_PARAMS_2 == fscanf(
		fp,
		"%lf,%lf,%lf,%lf,%lf\n",
		&(parsed->M_a),
		&(parsed->t_a),
		&(parsed->b_l_a),
		&(parsed->b_u_a),
		&(parsed->g_a)
	) );
}

void parseInputMvals_2(FILE* fp, input_2_t* parsed) {
	
	assert(parsed!=NULL && fp!= NULL);

	fscanf(fp, IN_2ND_HEADER_2);

	int i=0;
	int arrayLength = M_LEN_2C;
	while( 1 == fscanf(fp,"%lf", &(parsed->M_c[i])) ) {

		// Extend array if necessary
		if(i >= arrayLength) {
			arrayLength += M_LEN_2C;
			parsed->M_c = (double*)realloc(parsed->M_c, arrayLength*sizeof(double));
			assert(parsed->M_c != NULL);
		}
		i++;
	}
	parsed->num_M_c = i;
}

void freeInput_2(input_2_t *parsed) {

	assert(parsed!=NULL);
	free(parsed->M_c);
	free(parsed);
}

double f_2(double beta, double* params) {

	assert(params!=NULL);
	return F_2( beta, params[F_M_2], params[F_T_2], params[F_G_2]);
}

void shockwave_2a(const input_2_t *parsed) {

	assert(parsed!=NULL);

	double b_l = DEG2RAD(parsed->b_l_a);
	double b_u = DEG2RAD(parsed->b_u_a);
	double params[] = {
		parsed->M_a,
		DEG2RAD(parsed->t_a),
		parsed->g_a
	};

	int b_l_itr = newtonRaphson(&b_l, params, f_2);
	int b_u_itr = newtonRaphson(&b_u, params, f_2);
	assert( b_l_itr != ROOTFIND_FAIL && b_u_itr != ROOTFIND_FAIL);

	//printf("shockwave_2a: b_l=%.5f (Should be 29.80092), after %d iterations\n", RAD2DEG(b_l), b_l_itr);
	//printf("shockwave_2a: b_u=%.5f (Should be 84.55625), after %d iterations\n", RAD2DEG(b_u), b_u_itr);
}

void shockwavePrintThetaRange_2bc(FILE* fp, double* params) {

	int b_u_itr=0, b_l_itr=0;
	double b_l = DEG2RAD(B_l_GUESS_2), b_u = DEG2RAD(B_u_GUESS_2);

	while(1) {
		b_l_itr = newtonRaphson(&b_l, params, f_2);
		b_u_itr = newtonRaphson(&b_u, params, f_2);
		if( b_l_itr == ROOTFIND_FAIL || b_u_itr == ROOTFIND_FAIL) { break; }
		
		fprintf(fp, "%.4f,%.0f,%.4f,%.4f\n",
			params[F_M_2],
			RAD2DEG(params[F_T_2]),
			RAD2DEG(b_l),
			RAD2DEG(b_u)
		);

		params[F_T_2] += RADIAN_INCREMENT_2B;
	}
}

void shockwave_2b(const input_2_t *parsed) {

	assert(parsed!=NULL);

	double params[] = { parsed->M_a, RADIAN_START_2B, parsed->g_a };

	FILE* fp = fopen(FILENAME_2B, FILE_OVERWRITE);
	assert(fp != NULL);

	fprintf(fp,FILE_HEADER_2BC);
	shockwavePrintThetaRange_2bc( fp, params );

	fclose(fp);
}

void shockwave_2c(const input_2_t *parsed) {

	assert(parsed!=NULL);	

	FILE* fp = fopen(FILENAME_2C, FILE_OVERWRITE);
	assert(fp != NULL);

	fprintf(fp,FILE_HEADER_2BC);
	
	int i=0;
	for(i=0; i<parsed->num_M_c; i++) {
		double params[] = { parsed->M_c[i], RADIAN_START_2B, parsed->g_a };
		shockwavePrintThetaRange_2bc( fp, params);
	}

	fclose(fp);
}

============================================
src/heat_sim.c
22:44:18_Sunday_15_October_2017
============================================
/***************************************************************************
 *
 *   File        : heat_sim.c
 *   Student Id  : 757931
 *   Name        : Sebastian Baker
 *
 ***************************************************************************/

#include "heat_sim.h"

heat_sim_t* newUnsolvedHeatSim(
	int Nx, 
	int Nt, 
	double x_lo, 
	double x_hi,
	double t_lo,
	double t_hi,
	double mu, 
	double (*init)(double x) 
) {

	assert(init!=NULL);

	heat_sim_t* sim = (heat_sim_t*)malloc(sizeof(heat_sim_t));
	assert(sim!=NULL);

	sim->mu = mu;
	sim->Nx = Nx;
	sim->Nt = Nt;
	sim->x_lo = x_lo;
	sim->x_hi = x_hi;
	sim->t_lo = t_lo;
	sim->t_hi = t_hi;

	sim->cells = (sim_cell_t**)calloc( sim->Nx+1, sizeof(sim_cell_t*));
	assert(sim->cells!=NULL);
	
	int i=0, j=0;
	double x_i=0, t_j=0;
	double dx = (x_hi-x_lo)/Nx;
	double dt = (t_hi-t_lo)/Nt;

	for(i=0; i<=sim->Nx; i++) {
		sim->cells[i] = (sim_cell_t*)calloc( sim->Nt+1, sizeof(sim_cell_t));
		assert(sim->cells[i]!=NULL);

		x_i = x_lo + i*dx;
		(sim->cells[i][0]).f = init(x_i);

		for(j=1; j<=sim->Nt; j++) {

			t_j = t_lo + j*dt;
			(sim->cells[i][j]).x = x_i;
			(sim->cells[i][j]).t = t_j;

		}
	}

	return sim;
}

void freeHeatSim(heat_sim_t* sim) {

	assert(sim!=NULL);
	
	int i=0;
	for(i=0; i<=sim->Nx; i++) {
		free(sim->cells[i]);
	}
	free(sim->cells);
	free(sim);
}

void eulerExFe(heat_sim_t* sim) {

	assert(sim!=NULL);

	// let i be x index, j is t index
	int j=0,i=0;
	double dx = (sim->x_hi-sim->x_lo)/sim->Nx;
	double dt = (sim->t_hi-sim->t_lo)/sim->Nt;
	double rhs;
	sim_cell_t** m = sim->cells; // cell matrix

	for(j=0; j<sim->Nt; j++) { // each timestep
		for(i=0; i<=sim->Nx; i++) { // each x value

			// get RHS (fixed end points)
			if(i==0 || i == sim->Nx) {
				rhs = 0.0;
			} else {
				rhs = EXPLICIT_RHS(sim->mu,dx, m[i-1][j].f, m[i][j].f, m[i+1][j].f);
			}

			// use RHS for explicit euler calculation
			m[i][j+1].f = m[i][j].f + dt * rhs;
		}
	}
}

void eulerExVe(heat_sim_t* sim) {

	assert(sim!=NULL);

	// let i be x index, j is t index
	int j=0,i=0;
	double dx = (sim->x_hi-sim->x_lo)/sim->Nx;
	double dt = (sim->t_hi-sim->t_lo)/sim->Nt;
	double rhs;
	sim_cell_t** m = sim->cells; // cell matrix

	for(j=0; j<sim->Nt; j++) { // each timestep
		for(i=0; i<=sim->Nx; i++) { // each x value

			// get RHS (fixed end points)
			if(i==0) {
				rhs = EXPLICIT_RHS(sim->mu,dx, m[i][j].f, m[i+1][j].f, m[i+2][j].f);
			} else if(i == sim->Nx) {
				rhs = EXPLICIT_RHS(sim->mu,dx, m[i-2][j].f, m[i-1][j].f, m[i][j].f);
			} else {
				rhs = EXPLICIT_RHS(sim->mu,dx, m[i-1][j].f, m[i][j].f, m[i+1][j].f);
			}

			// use RHS for explicit euler calculation
			m[i][j+1].f = m[i][j].f + dt * rhs;
		}
	}
}

void eulerImFe(heat_sim_t* sim) {

}============================================
src/newton_raphson.h
22:44:18_Sunday_15_October_2017
============================================
/***************************************************************************
 *
 *   File        : newton_raphson.h
 *   Student Id  : 757931
 *   Name        : Sebastian Baker
 *
 ***************************************************************************/
#include <stdio.h>
#include <stdlib.h>
#include <math.h>

#ifndef NEWTON_RAPHSON_H
#define NEWTON_RAPHSON_H

#define MAX_ITERATIONS 10
#define EPS 1e-9
#define DX EPS/100
#define ROOTFIND_FAIL -1

int newtonRaphson(double* xi, double* params, double (*f)(double, double*));
double dfdx(double x, double* params, double (*f)(double, double*));

#endif============================================
src/thomas_alg.c
22:44:18_Sunday_15_October_2017
============================================
/***************************************************************************
 *
 *   File        : thomas_alg.c
 *   Student Id  : 757931
 *   Name        : Sebastian Baker
 *
 ***************************************************************************/

#include "thomas_alg.h"
#include <stdio.h>
#include <stdlib.h>
#include <math.h>
#include <assert.h>

tridiag_t *newTridiag() {
	
	tridiag_t *m = (tridiag_t*)malloc(sizeof(tridiag_t));
	assert(m != NULL);

	m->arrLen = THOMAS_INIT_ARR_LEN;
	m->N = 0;

	m->rows = (tridiag_row_t*)calloc( m->arrLen, sizeof(tridiag_row_t));
	assert(m->rows != NULL);

	return m;
}

void freeTridiag(tridiag_t *m) {
	
	assert(m!=NULL);
	free(m->rows);
	free(m);
}

void appendTridiagRow(tridiag_t *m, double a, double b, double c, double Q) {

	assert(m!=NULL);	

	m->N++;
	if(m->N == m->arrLen) {
		m->arrLen += THOMAS_INIT_ARR_LEN;
		m->rows = (tridiag_row_t*)realloc( m->rows, m->arrLen*sizeof(tridiag_row_t));
		assert(m->rows!=NULL);
	}

	tridiag_row_t *r = getTridiagRow(m, m->N);
	r->a = a;
	r->b = b;
	r->c = c;
	r->Q = Q;
}

tridiag_row_t *getTridiagRow(tridiag_t *m, int i) {
	assert(m!=NULL);
	assert(i<=m->N);
	return &(m->rows[i-1]);
}

int solveTridiag(tridiag_t *m) {

	assert(m!=NULL);
	
	if(
		computeTridiag_a_s(m) == SOLVER_SUCCESS &&
		computeTridiag_Q_s(m) == SOLVER_SUCCESS &&
		computeTrigiag_x(m) == SOLVER_SUCCESS
	) {
		return SOLVER_SUCCESS;
	}

	return SOLVER_FAIL;
}

int computeTridiag_a_s(tridiag_t *m) {

	assert(m!=NULL);

	// case for row 1 : a_s = a
	int i=COMPUTE_A_S_START;
	tridiag_row_t *r = getTridiagRow(m, i);	
	tridiag_row_t *rPrev = r;
	r->a_s = r->a;

	// case for row 2,3,4...N : a_s = a  c * bPrev / a_sPrev
	while(++i <= m->N) {
		rPrev = r;
		r = getTridiagRow(m, i);
		if(TINY(rPrev->a_s)) { return SOLVER_FAIL; }
		r->a_s = r->a - r->c * rPrev->b / rPrev->a_s;
	}

	return SOLVER_SUCCESS;
}

int computeTridiag_Q_s(tridiag_t *m) {
	
	assert(m!=NULL);

	// case for row 1 : Q_s = Q
	int i=COMPUTE_Q_S_START;
	tridiag_row_t *r = getTridiagRow(m, i);	
	tridiag_row_t *rPrev = r;
	r->Q_s = r->Q;

	// case for row 2,3,4...N : Q  c * Q_sPrev /a_sPrev
	while(++i <= m->N) {
		rPrev = r;
		r = getTridiagRow(m, i);
		if(TINY(rPrev->a_s)) { return SOLVER_FAIL; }
		r->Q_s = r->Q - r->c * rPrev->Q_s / rPrev->a_s;
	}

	return SOLVER_SUCCESS;
}

int computeTrigiag_x(tridiag_t *m) {
	
	assert(m!=NULL);
	
	// case for row N : x = Q_s/a_s
	int i=m->N;
	tridiag_row_t *r = getTridiagRow(m, i);	
	tridiag_row_t *rPrev = r;
	r->x = r->Q_s/r->a_s;

	// case for row N-1, N-2, N-3...1 : x = ( Q_s  b * xPrev ) / a_s
	while(--i >= COMPUTE_x_END) {
		rPrev = r;
		r = getTridiagRow(m, i);
		if(TINY(rPrev->a_s)) { return SOLVER_FAIL; }
		r->x = (r->Q_s - r->b * rPrev->x) / r->a_s;
	}

	return SOLVER_SUCCESS;
}============================================
src/interpolate.h
22:44:18_Sunday_15_October_2017
============================================
/***************************************************************************
 *
 *   File        : interpolate.h
 *   Student Id  : 757931
 *   Name        : Sebastian Baker
 *
 ***************************************************************************/

#include <stdio.h>
#include <stdlib.h>
#include <math.h>
#include <assert.h>
#include "thomas_alg.h"

#ifndef INTERPOLATE_H

#define INTERP_INIT_ARRLEN 20
#define CUB_SPLINE_COMPUTE_SUCCESS 1
#define CUB_SPLINE_COMPUTE_FAIL -1
#define TINY(x) fabs(x) < 1e-11
#define CUB_SPLINE_B(h_1, a_1, a_2, c_1, c_2) (a_2-a_1)/h_1 - h_1*(2.0*c_1+c_2)/3.0
#define CUB_SPLINE_C_RHS(h_0, h_1, a_0, a_1, a_2) 3.0*(a_2-a_1)/h_1 + 3.0*(a_0-a_1)/h_0
#define CUB_SPLINE_C_a(h_1, h_0) 2.0*(h_1+h_0)
#define CUB_SPLINE_D(h_1, c_1, c_2) (c_2-c_1)/(3.0*h_1)
#define EVAL_CUB_SPLINE(a,b,c,d,x_i,x) a + b*(x-x_i) + c*pow(x-x_i,2) + d*pow(x-x_i,3)

typedef struct interp_pt {

	double x;
	double fx;

} interp_pt_t;

typedef struct interp_set {

	interp_pt_t** pts;
	int N;
	int arrLen;

} interp_set_t;

typedef struct lagrange_term {

	int index;
	int order;
	double* root;
	double fx_i;
	double denominator;

} lagrange_term_t;

typedef struct lagrange_eqn {

	lagrange_term_t** terms;
	int num_terms;

} lagrange_eqn_t;

typedef struct cub_spline_segment {

	int index;
	double x_lo;
	double a;
	double b;
	double c;
	double d;

} cub_spline_seg_t;

typedef struct cub_spline {

	cub_spline_seg_t** segs;
	int num_segs; // not including the unused/incomplete end segment eg: 4 points means 3 segments

} cub_spline_t;

interp_set_t* newInterpSet();
interp_pt_t* newInterpPt(double x, double fx);
void freeInterpSet(interp_set_t* set);
void freeInterpPt(interp_pt_t* pt);
void appendPtToSet(interp_set_t* set, interp_pt_t* pt);

lagrange_term_t* newLagrangeTerm(interp_set_t* set, int index);
lagrange_eqn_t* newLagrangeEqn(interp_set_t* set);
void freeLagrangeEqn(lagrange_eqn_t* eqn);
void freeLagrangeTerm(lagrange_term_t* term);
interp_pt_t* evaluateLagrangeEqn(lagrange_eqn_t* eqn, double x);
double evaluateLagrangeTerm(lagrange_term_t* term, double x);

cub_spline_t* newCubSpline(interp_set_t* set);
cub_spline_seg_t* newEmptyCubSplineSegment(int index, double x_lo);
void freeCubSpline(cub_spline_t* spline);
void freeCubSplineSegment(cub_spline_seg_t* seg);
double splineH(int index, cub_spline_t* spline);
int computeCubSplineConstants(interp_set_t* set, cub_spline_t* spline);
int computeCubSplineAs(interp_set_t* set, cub_spline_t* spline);
int computeCubSplineBs(interp_set_t* set, cub_spline_t* spline);
int computeCubSplineCs(interp_set_t* set, cub_spline_t* spline);
int computeCubSplineDs(interp_set_t* set, cub_spline_t* spline);
interp_pt_t* evaluateCubSpline(cub_spline_t* spline, double x);
interp_pt_t* evaluateCubSplineSegment(cub_spline_seg_t* seg, double x);

#endif============================================
src/newton_raphson.c
22:44:18_Sunday_15_October_2017
============================================
/***************************************************************************
 *
 *   File        : newton_raphson.c
 *   Student Id  : 757931
 *   Name        : Sebastian Baker
 *
 ***************************************************************************/

#include "newton_raphson.h"


int newtonRaphson(double* xi, double* params, double (*f)(double, double*)) {

    double fx = f((*xi), params);

    int i=0;
    while( (i < MAX_ITERATIONS) && (fabs(fx) > EPS) ) {

        fx = f((*xi), params);
        (*xi) = (*xi) - fx / dfdx((*xi), params, f);

        i++;
    }

    if (fabs(fx) > EPS) { 
        return ROOTFIND_FAIL;
    }

    return i;
}

double dfdx(double x, double* params, double (*f)(double, double*)) {

    double df = f(x+DX/2, params) - f(x-DX/2, params);
    return df/(DX);
}============================================
src/tasks.h
22:44:18_Sunday_15_October_2017
============================================
/***************************************************************************
 *
 *   File        : tasks.h
 *   Student Id  : 757931
 *   Name        : Sebastian Baker
 *
 ***************************************************************************/
#include <stdio.h>
#include <stdlib.h>
#include <math.h>
#include <string.h>
#include <assert.h>
#include "newton_raphson.h"
#include "thomas_alg.h"
#include "interpolate.h"
#include "heat_sim.h"

#ifndef TASKS_H

#define FILE_READONLY "r"
#define FILE_OVERWRITE "w"

#define PI 3.14159265359
#define DEG2RAD(deg) deg * PI / 180.0
#define RAD2DEG(rad) rad * 180.0 / PI

#define NUM_PARAMS_2 5
#define F_M_2 0
#define F_T_2 1
#define F_G_2 2
#define F_2(b,M,t,g) (2.0/tan(b)) * (pow(M*sin(b), 2.0) - 1.0) / (M*M*(g + cos(2.0*b)) + 2.0) - tan(t)
#define B_l_GUESS_2 20.0
#define B_u_GUESS_2 90.0
#define IN_1ST_HEADER_2 "M,theta,beta_l,beta_u,gamma\n"
#define IN_2ND_HEADER_2 "M\n"
#define FILENAME_2B "my_2b.csv"
#define FILENAME_2C "out_shock.csv"
#define FILE_HEADER_2BC "M,theta,beta_lower,beta_upper\n"
#define RADIAN_START_2B 0
#define RADIAN_INCREMENT_2B DEG2RAD(1)
#define M_LEN_2C 20

#define NUM_PARAMS_3 4
#define FILENAME_3 "out_linalsys.csv"
#define FILE_HEADER_3 "x\n"
#define IN_HEADER_3 "a,b,c,q\n"

#define NUM_PARAMS_5 2
#define IN_HEADER_5 "x,f(x)\n"
#define PLOT_FILENAME_5 "my_5.csv"
#define FILENAME_5 "out_interp.csv"
#define PLOT_START_5 0
#define PLOT_END_5 8
#define PLOT_INTERVAL_5 0.01
#define PLOT_HEADER_LAGRANGE_5 "x,lagrange,spline\n"
#define HEADER_LAGRANGE_5 "lagrange\n"
#define HEADER_CUBIC_5 "cubic\n"

#define NUM_PARAMS_6 3
#define X_LO_6 0.0
#define X_HI_6 1.0
#define T_LO_6 0.0
#define T_HI_6 2.0
#define IC_LO_6 0.125
#define IC_6(x) 0.5*(1.0-cos(8.0*PI*(x - 0.125)))
#define IC_HI_6 0.375
#define IN_HEADER_6 "mu,Nx,Nt\n"
#define OUT_HEADER_6 "x,f(x)\n"
#define FILENAME_EX_FE_6 "out_heateqn_explicit_fe.csv"
#define FILENAME_EX_VE_6 "out_heateqn_explicit_ve.csv"
#define FILENAME_IM_FE_6 "out_heateqn_implicit_fe.csv"

// Input type for shockwave question (Question 2)
typedef struct input_2 {

	double M_a;
	double t_a;
	double g_a;
	double b_l_a;
	double b_u_a;
	double *M_c;
	int num_M_c;

} input_2_t;

/* * * * * * * * * * * * * * * * * * * * * * * * * *  HEATEQN HELPER FUNCTIONS */

heat_sim_t* parseInput_6(const char* filename);
double myInitialCondition_6(double x);
void printSim_6(heat_sim_t* sim, const char* filename);


/* * * * * * * * * * * * * * * * * * * * * * * * * *  INTERP HELPER FUNCTIONS */

interp_set_t* parseInput_5(const char* filename);
void printInterp_5(double lag, double spline);
void plotInterp_5(lagrange_eqn_t* lagEqn, cub_spline_t* splineEqn);


/* * * * * * * * * * * * * * * * * * * * * * * * LINALGBYSYS HELPER FUNCTIONS */

tridiag_t *parseInput_3(const char* filename);
void printTridiag_3(tridiag_t *m);


/* * * * * * * * * * * * * * * * * * * * * * * * * SHOCKWAVE HELPER FUNCTIONS */

input_2_t *parseInput_2(const char* filename);
void parseInput2ndLine_2(FILE* fp, input_2_t* parsed);
void parseInputMvals_2(FILE* fp, input_2_t* parsed);
void freeInput_2(input_2_t *parsed);
double f_2(double beta, double* params);
void shockwave_2a(const input_2_t *parsed);
void shockwave_2b(const input_2_t *parsed);
void shockwave_2c(const input_2_t *parsed);


/* * * * * * * * * * * * * * * * * * * * * * * * * * * * * * * TASK FUNCTIONS */

void shockwave(const char* q2_file);
void linalgbsys(const char* q4_file);
void interp(const char* q5_file, const double xo);
void heateqn(const char* q6_file);

#endif
============================================
src/heat_sim.h
22:44:18_Sunday_15_October_2017
============================================
/***************************************************************************
 *
 *   File        : heat_sim.h
 *   Student Id  : 757931
 *   Name        : Sebastian Baker
 *
 ***************************************************************************/

#include <stdio.h>
#include <stdlib.h>
#include <math.h>
#include <assert.h>

#ifndef HEAT_SIM_H

#define EXPLICIT_RHS(mu, dx, f_0, f_1, f_2) (f_2 - 2.0*f_1 + f_0)/(dx*dx)

typedef struct heat_cell {

    double f;
    double x;
    double t;

} sim_cell_t;

typedef struct heat_sim {

    sim_cell_t** cells;
    double mu;
    double x_lo;
    double x_hi;
    double t_lo;
    double t_hi;
    int Nx;  // not including 0th x value
    int Nt; // not including 0th t value

} heat_sim_t;

heat_sim_t* newUnsolvedHeatSim(
    int Nx, 
    int Nt, 
    double x_lo, 
    double x_hi,
    double t_lo,
    double t_hi,
    double mu, 
    double (*init)(double x) 
);

void freeHeatSim(heat_sim_t* sim);
void eulerExFe(heat_sim_t* sim);
void eulerExVe(heat_sim_t* sim);
void eulerImFe(heat_sim_t* sim);


#endif ============================================
src/thomas_alg.h
22:44:18_Sunday_15_October_2017
============================================
/***************************************************************************
 *
 *   File        : thomas_alg.h
 *   Student Id  : 757931
 *   Name        : Sebastian Baker
 *
 ***************************************************************************/

#include <math.h>

#ifndef THOMAS_ALG_H
#define THOMAS_ALG_H

#define COMPUTE_A_S_START 1
#define COMPUTE_Q_S_START 1
#define COMPUTE_x_END 1

#define THOMAS_INIT_ARR_LEN 20
#define TINY(x) fabs(x) < 1e-11
#define SOLVER_FAIL -1
#define SOLVER_SUCCESS 1

typedef struct tridiag_row_struct {

    double a;
    double b;
    double c;
    double Q;
    double a_s;
    double Q_s;
    double x;

} tridiag_row_t;

typedef struct tridiag_struct {

    tridiag_row_t *rows;
    int N;
    int arrLen;

} tridiag_t;

tridiag_t *newTridiag();
void freeTridiag(tridiag_t *m);
void appendTridiagRow(tridiag_t *m, double a, double b, double c, double Q);
tridiag_row_t *getTridiagRow(tridiag_t *m, int i); //retrieve the ith row
int solveTridiag(tridiag_t *m);

int computeTridiag_a_s(tridiag_t *m);
int computeTridiag_Q_s(tridiag_t *m);
int computeTrigiag_x(tridiag_t *m);

#endif============================================
src/interpolate.c
22:44:18_Sunday_15_October_2017
============================================
/***************************************************************************
 *
 *   File        : interpolate.c
 *   Student Id  : 757931
 *   Name        : Sebastian Baker
 *
 ***************************************************************************/

#include "interpolate.h"

// Create a new data set
interp_set_t* newInterpSet() {

	interp_set_t* newSet = (interp_set_t*)malloc(sizeof(interp_set_t));
	assert( newSet!= NULL );

	newSet->pts = (interp_pt_t**)malloc(INTERP_INIT_ARRLEN*sizeof(interp_pt_t*));
	assert( newSet->pts != NULL);

	newSet->arrLen = INTERP_INIT_ARRLEN;
	newSet->N = 0;

	return newSet;
}

// Create a new point
interp_pt_t* newInterpPt(double x, double fx) {

	interp_pt_t* newPt = (interp_pt_t*)malloc(sizeof(interp_pt_t));
	assert(newPt != NULL);

	newPt->x = x;
	newPt->fx = fx;

	return newPt;
}

// Frees a set (including points)
void freeInterpSet(interp_set_t* set) {
	assert(set!=NULL);
	
	int i=0;
	for(i=0; i < set->N ; i++) {
		freeInterpPt(set->pts[i]);
	}
	free(set->pts);
	free(set);
}


void freeInterpPt(interp_pt_t* pt) {
	assert(pt!=NULL);
	free(pt);
}

void appendPtToSet(interp_set_t* set, interp_pt_t* pt) {

	assert(set!=NULL);
	assert(pt!=NULL);

	// extend array if necessary
	if( set->N >= set->arrLen) {
		set->arrLen += INTERP_INIT_ARRLEN;
		int newSize = set->arrLen * sizeof(interp_pt_t*);
		set->pts = (interp_pt_t**)realloc(set->pts, newSize );
	}

	// insert new pt
	set->pts[set->N] = pt;
	set->N++;
}

lagrange_term_t* newLagrangeTerm(interp_set_t* set, int index) {

	assert(set!=NULL);

	// initialise new lgrange_term_t
	lagrange_term_t* newTerm = (lagrange_term_t*)malloc(sizeof(lagrange_term_t));
	assert(newTerm != NULL);

	newTerm->order = set->N-1;
	newTerm->index = index;
	newTerm->fx_i = (set->pts[index])->fx;

	newTerm->root = (double*)calloc(newTerm->order+1, sizeof(double));
	assert(newTerm->root!=NULL);

	// calculate denominator
	newTerm->denominator = 1;
	interp_pt_t** pts = set->pts;
	int i=0;
	for(i=0; i <= newTerm->order ; i++) {
		if (i == index) { continue; }
		newTerm->denominator *= ((pts[index])->x - (pts[i])->x);
	}

	// calculate roots
	for(i=0; i <= newTerm->order ; i++) {
		if (i == index) { continue; }
		newTerm->root[i] = (pts[i])->x;
	}

	return newTerm;
}

lagrange_eqn_t* newLagrangeEqn(interp_set_t* set) {

	assert(set!=NULL);

	// initialise new lagrange_eqn_t
	lagrange_eqn_t* newEqn = (lagrange_eqn_t*)malloc(sizeof(lagrange_eqn_t));
	assert(newEqn != NULL);

	newEqn->num_terms = set->N;

	int arrSize = newEqn->num_terms * sizeof(lagrange_term_t*);
	newEqn->terms = (lagrange_term_t**)malloc(arrSize);
	assert(newEqn->terms != NULL);

	// generate terms
	int i=0;
	for (i=0; i < newEqn->num_terms ; i++) {
		newEqn->terms[i] = newLagrangeTerm(set, i);
	}

	return newEqn;
}

void freeLagrangeEqn(lagrange_eqn_t* eqn) {
	
	assert(eqn!=NULL);

	// generate terms
	int i=0;
	for (i=0; i < eqn->num_terms ; i++) {
		freeLagrangeTerm(eqn->terms[i]);
	}

	free(eqn->terms);
	free(eqn);
}

void freeLagrangeTerm(lagrange_term_t* term) {
	
	assert(term!=NULL);
	free(term->root);
	free(term);
}

interp_pt_t* evaluateLagrangeEqn(lagrange_eqn_t* eqn, double x) {

	assert(eqn!=NULL);

	double fx = 0;

	int i=0;
	for(i=0; i < eqn->num_terms ; i++) {
		fx += evaluateLagrangeTerm(eqn->terms[i],x);
	}

	return newInterpPt(x, fx);
}

double evaluateLagrangeTerm(lagrange_term_t* term, double x) {

	assert(term!=NULL);
	
	double numerator = term->fx_i;

	int i=0;
	for(i=0; i <= term->order; i++) {
		if(i == term->index) { continue; }
		numerator *= (x - term->root[i]);
	}

	return numerator/term->denominator;
}

cub_spline_t* newCubSpline(interp_set_t* set) {

	assert(set!=NULL);

	cub_spline_t* spline = (cub_spline_t*)malloc(sizeof(cub_spline_t));
	assert(spline!=NULL);

	int segsSize = (set->N)*sizeof(cub_spline_seg_t*);
	spline->segs = (cub_spline_seg_t**)malloc(segsSize);
	assert(spline->segs != NULL);

	spline->num_segs = set->N-1;

	int i=0;
	for(i=0; i < set->N; i++) {
		spline->segs[i] = newEmptyCubSplineSegment(i, (set->pts[i])->x);
	}

	assert(CUB_SPLINE_COMPUTE_SUCCESS == computeCubSplineConstants(set, spline));

	return spline;
}

cub_spline_seg_t* newEmptyCubSplineSegment(int index, double x_lo) {

	cub_spline_seg_t* seg = (cub_spline_seg_t*)malloc(sizeof(cub_spline_seg_t));
	assert(seg!=NULL);

	seg->index = index;
	seg->x_lo = x_lo;
	seg->a = 0;
	seg->b = 0;
	seg->c = 0;
	seg->d = 0;

	return seg;
}

void freeCubSpline(cub_spline_t* spline) {

	assert(spline!=NULL);

	int i=0;
	for (i=0; i<= spline->num_segs; i++) {
		freeCubSplineSegment(spline->segs[i]);
	}

	free(spline->segs);
	free(spline);
}

void freeCubSplineSegment(cub_spline_seg_t* seg) {
	assert(seg!=NULL);
	free(seg);
}

double splineH(int index, cub_spline_t* spline) {

	assert(spline!=NULL);
	assert(index < spline->num_segs);

	double x_lo = (spline->segs[index])->x_lo;
	double x_hi = (spline->segs[index+1])->x_lo;

	return x_hi - x_lo;
}

int computeCubSplineConstants(interp_set_t* set, cub_spline_t* spline) {

	assert(set!=NULL);
	assert(spline!=NULL);

	int successFlag = CUB_SPLINE_COMPUTE_SUCCESS;

	if( computeCubSplineAs(set, spline) == successFlag && 
		computeCubSplineCs(set, spline) == successFlag && 
		computeCubSplineBs(set, spline) == successFlag && 
		computeCubSplineDs(set, spline) == successFlag
	) {
		return successFlag;
	}
	
	return CUB_SPLINE_COMPUTE_FAIL;
}

int computeCubSplineAs(interp_set_t* set, cub_spline_t* spline) {

	assert(set!=NULL);
	assert(spline!=NULL);

	int i=0;
	for(i=0; i <=spline->num_segs; i++) {
		(spline->segs[i])->a = (set->pts[i])->fx;
	}

	return CUB_SPLINE_COMPUTE_SUCCESS;
}

int computeCubSplineBs(interp_set_t* set, cub_spline_t* spline) {

	assert(set!=NULL);
	assert(spline!=NULL);

	int i=0;
	double h_i, a_i, a_ip, c_i, c_ip;
	for(i=0; i <spline->num_segs; i++) {

		h_i = splineH(i,spline);
		a_i = (spline->segs[i])->a;
		a_ip = (spline->segs[i+1])->a;
		c_i = (spline->segs[i])->c;
		c_ip = (spline->segs[i+1])->c;

		if(TINY(h_i)) { return CUB_SPLINE_COMPUTE_FAIL; }

		(spline->segs[i])->b = CUB_SPLINE_B(h_i, a_i, a_ip, c_i, c_ip);
	}
	
	return CUB_SPLINE_COMPUTE_SUCCESS;
}

int computeCubSplineCs(interp_set_t* set, cub_spline_t* spline) {

	assert(set!=NULL);
	assert(spline!=NULL);

	// generate tridiag matrix
	tridiag_t *m = newTridiag();
	appendTridiagRow(m, 1.0, 0, 0, 0);
	
	int i=0;
	double h_im, h_i,  a_im, a_i, a_ip;
	double a, b, c, Q;
	for(i=1; i<spline->num_segs; i++) {
		h_im = splineH(i-1,spline);
		h_i = splineH(i,spline);
		a_im = (spline->segs[i-1])->a;
		a_i = (spline->segs[i])->a;
		a_ip = (spline->segs[i+1])->a;

		a = CUB_SPLINE_C_a(h_i, h_im);
		b = h_i;
		c = h_im;
		Q = CUB_SPLINE_C_RHS(h_im, h_i, a_im, a_i, a_ip);

		appendTridiagRow(m, a, b, c, Q);
	}
	appendTridiagRow(m, 1.0, 0, 0, 0);

	// solve tridiag
	if (solveTridiag(m) != SOLVER_SUCCESS) {
		freeTridiag(m);
		return CUB_SPLINE_COMPUTE_FAIL;
	}

	// load c's into spline
	for(i=0; i<=spline->num_segs; i++) {
		(spline->segs[i])->c = getTridiagRow(m, i+1)->x;
	}

	// free tridiag
	freeTridiag(m);

	return CUB_SPLINE_COMPUTE_SUCCESS;
}

int computeCubSplineDs(interp_set_t* set, cub_spline_t* spline) {

	assert(set!=NULL);
	assert(spline!=NULL);

	int i=0;
	double h_i, c_i, c_ip;
	for(i=0; i<spline->num_segs; i++) {

		h_i = splineH(i,spline);
		c_i = (spline->segs[i])->c;
		c_ip = (spline->segs[i+1])->c;

		if(TINY(h_i)) { return CUB_SPLINE_COMPUTE_FAIL; }

		(spline->segs[i])->d = CUB_SPLINE_D(h_i, c_i, c_ip);
	}

	return CUB_SPLINE_COMPUTE_SUCCESS;
}

interp_pt_t* evaluateCubSpline(cub_spline_t* spline, double x) {

	assert(spline!=NULL);

	double x_lo = (spline->segs[0])->x_lo;
	double x_hi = (spline->segs[spline->num_segs])->x_lo;
	assert(x>=x_lo && x<=x_hi);

	int i=0;
	while(x>=x_lo) {
		i++;
		x_lo = (spline->segs[i])->x_lo;
	}

	return evaluateCubSplineSegment(spline->segs[i-1], x);
}

interp_pt_t* evaluateCubSplineSegment(cub_spline_seg_t* seg, double x) {
	
	assert(seg!=NULL);
	double fx = EVAL_CUB_SPLINE(seg->a, seg->b, seg->c, seg->d, seg->x_lo, x);
	return newInterpPt(x, fx);
}

